5.748271814070246124e+10
3.729285256252158121e+01
0.000000000000000000e+00
3.729285256252158121e+01
2.060187668327331994e+04
4.433445348715528098e+02
3.211564804261329300e+02
6.384116805603512290e+01
1.034554136043012932e+03
0.000000000000000000e+00
2.060187668327331994e+04
4.433445348715528098e+02
4.433445348715528098e+02
0.000000000000000000e+00
3.211564804261329300e+02
0.000000000000000000e+00
6.384116805603512290e+01
0.000000000000000000e+00
1.034554136043012932e+03
2.264732531988358974e+09
4.021570359098308086e+09
1.874170429438168881e+06
1.527362624474601746e+10
0.000000000000000000e+00
5.748271814070246124e+10
0.000000000000000000e+00
2.264732531988358974e+09
0.000000000000000000e+00
4.021570359098308086e+09
0.000000000000000000e+00
1.874170429438168881e+06
0.000000000000000000e+00
1.527362624474601746e+10
1.438306592279136695e-08
0.000000000000000000e+00
1.438306592279136695e-08
1.200107515404869046e-05
0.000000000000000000e+00
1.200107515404869046e-05
