1.303740351954582825e+11
2.408146487123611834e+01
1.000000000000000000e+00
2.408146487123611834e+01
3.222835785166099595e+04
4.555067366938145597e+02
2.186879039151168058e+02
9.872472890102853782e+00
4.955545439848189062e+02
1.000000000000000000e+00
3.222835785166099595e+04
4.555067366938145597e+02
4.555067366938145597e+02
1.000000000000000000e+00
2.186879039151168058e+02
1.000000000000000000e+00
9.872472890102853782e+00
1.000000000000000000e+00
4.955545439848189062e+02
5.257787841386518478e+09
2.075355991077955627e+10
3.524074792816998810e+07
1.088493877366949310e+11
1.000000000000000000e+00
1.303740351954582825e+11
1.000000000000000000e+00
5.257787841386518478e+09
1.000000000000000000e+00
2.075355991077955627e+10
1.000000000000000000e+00
3.524074792816998810e+07
1.000000000000000000e+00
1.088493877366949310e+11
3.854161791382788326e-08
1.000000000000000000e+00
3.854161791382788326e-08
5.036064802513351218e-05
1.000000000000000000e+00
5.036064802513351218e-05
