-8.392221470918165283e-02
2.710215096993159323e-01
0.000000000000000000e+00
2.710215096993159323e-01
6.047531163760908740e-02
-8.921054659616001886e-03
-1.001643284866106029e-02
2.127718437658089878e-01
-1.475963198500402362e-01
0.000000000000000000e+00
6.047531163760908740e-02
-8.921054659616001886e-03
-8.921054659616001886e-03
0.000000000000000000e+00
-1.001643284866106029e-02
0.000000000000000000e+00
2.127718437658089878e-01
0.000000000000000000e+00
-1.475963198500402362e-01
-7.145705141928719584e-02
-1.930508074834168253e-02
-4.570017850964282549e-03
-9.826601449712512801e-03
0.000000000000000000e+00
-8.392221470918165283e-02
0.000000000000000000e+00
-7.145705141928719584e-02
0.000000000000000000e+00
-1.930508074834168253e-02
0.000000000000000000e+00
-4.570017850964282549e-03
0.000000000000000000e+00
-9.826601449712512801e-03
9.043107175375054985e-02
0.000000000000000000e+00
9.043107175375054985e-02
1.539392103898840625e-01
0.000000000000000000e+00
1.539392103898840625e-01
